# Exact ROS 2 Jazzy binary packages. The base already contains some entries;
# apt still verifies the requested versions.
ros-jazzy-ament-index-python=1.8.4-1noble.20260519.010838
ros-jazzy-eigen3-cmake-module=0.3.1-1noble.20260603.145848
ros-jazzy-rclpy=7.1.11-1noble.20260612.095634
ros-jazzy-rmw-fastrtps-cpp=8.4.4-1noble.20260612.092346
ros-jazzy-ros-base=0.11.0-1noble.20260614.091815
ros-jazzy-ros-gz=1.0.22-1noble.20260615.095917
ros-jazzy-rosidl-default-generators=1.6.1-1noble.20260612.052930
